589323567104
936302451687
4813967954125
7736546098952
8012006001000
9083540714625
9625537115648
17205482538496
22771068931584
23102857608641
27165035116981
27308971121544
27314412600896
32464811925701
32820251748913
35200480673917
36015465037824
38160429751963
38906527429125
39879001442125
40725336980125
42122397038184
42286042531719
42930148628375
43191827216056
43822698057216
46831178791125
47198521353619
48639116235527
50842156973336
52827241960648
53182827741016
53259231706624
56689485123375
56902253318847
58451728309129
58791264791104
60814367453125
60879341715219
61789157525304
63168427851976
64278803875112
64360675421875
64519800939712
65129783532904
65309632822511
65641029478219
66962984435712
67205681473393
68297557341376
68936130107027
69786954643211
70332481416952
71096865321483
71364928145239
71623315478889
73118531626496
74868649910523
75735288109629
75783629781432
75869621315704
75966439518208
75998730546712
76284365472531
78501712967432
81481209547977
82540153864000
82802041314056
82910373670125
83195910236375
83327476901752
83947123271656
84992479712063
85102713869256
86750044016832
86979525802443
88752345697016
89482567716352
89650722833216
90742810564953
92842756923041
93230816067584
93607584805125
93626140557312
94152906438157
94519703236608
95143566207808
95156071386264
96021577433088
96286030153704
97012610805349
98451131609375
